$ANSIBLE_VAULT;1.1;AES256
65613530336431326635343932373138643864333531633536306662623033393563666566363232
6332323630646437653334656662306233306331383736380a386566626462353330353430343966
65326231663566623230313930326564666565373635303236303361613661326538633162366565
6431336437653439380a323338393366356534666334646233333165356536366131396639373065
38303238623763353930353435613463326438323433633665376231623038643263633465323261
31326461366662383135393232653262336637613231356262363239316463376433343735333932
64313738393633363838396662633232313063643763326364366235393336616435313864383437
35343161323332613066653932643662383566333962623361306663333437386533653965343533
61353766636464346439356130626239646533653539646566333766396437306531626562616164
36356463343261373930386364326135373139363764373631393835616432663864386464363566
63373339396639323765333435343432313938326664363863396466376162633532363562303736
63663633623039613733653539613839666665366539343536363032626435633035653336363537
64346533643035343634663763323437333961323962653738313165393334366466313732303062
66393431313539653935363132663864373565646138326464646332663031633866343136316131
62663461303833663364363033636339626230313738366363393934653261393565653531613833
35653833633739646232623037333865633362633736623638303535333336656130643434643235
39643539353162386638626135373133346235356430643735396465313137343433336463663431
34656662316665363862656261343634363661396332663361303637666438663236303937643136
35376665323934373463653864333534313031623138356231323136346638373962623633316337
63656262303234303432643061326364306161393237613362393761383233663432396466633034
65333834613866643630633961303766613161366665643431663534666230386466333133646332
39313935653861383234356632303766363638313461636435333265623937653564393639393166
38373533663966336333376465356431623135313731343965393332393265383566623435316162
63306236343666313030613663333637346635373465656631353936663363393637636266326263
63303739656531666161643166333262626163333030363035366633663933393735383862613337
33303664363363383630623931393236313133663138663330636639326134386461323630323839
62383636373130663165623464366666396362373233663734396131376663336632306262393131
62303763666366356138326662666137356434663264353236613166396438666138613436323632
61343735643931396434336462366465623633303835316361336530363834393634366233326262
37333732393165646136623163376462623663326562653963616238666438336539383164393937
34393936343332643061363161643138343861373334613835326133363239323863656363313563
61343361303037313633383064663964396533613832663432656438613134396534623936363534
30326533343932643039373430396534626563356166343330353934633933313664326137303430
31303266643732303066633161343333353831316632623566323963383831363437373362363965
38316339346634376133383236313831316236313037333531653861643331386630316165363830
39353033343166386235633732313962313335653730626239633965333039356133663638323566
63626532333361623265616430383133663165653435613865326165383732363535323763393834
30333934663733373266666135626334326230633539343234363566313133653436646463366638
37316331396462303163643937376135353465343830383464363462663437353962616661306338
35366131383736346565393534386536356262363233656234663564626463386564636636623734
62386664383135666533373731653635663436333238386637356262333561623262356132303738
64643239653166373531376431316165363735303037373765313166373639323633326134366266
35363162616238356165353862616561376163363139383034656661663138306164636333643565
33393263383437356630666231333635373431313439326333373565323266653736633232343231
32346161363138613630633661396662323562316266326635623632323438376662316164363865
64656131306164646133393939633531333365333863633536306661653263366434363336613862
65313835303632366436346238396366366661643835666434316136326663646261656164303561
63363364393864343133666135393939313230626161386536353830323539663835373661393234
30613436396165316466643732643332343463663739356261376637613539343561333634323962
37346334313531306563343835613766656236313539386633623631616631653432636261613638
36646261636333663664626561326234646465333965363331343834383531316133303664366633
32643762643863353065613230336235336334396564343736336533343761343765303233306465
35643131343530363432346132623461326332663433356666643536393861303635316665386436
66666133643235653730326637346565373639653830653036343031636633353930613033303432
62343230376639326362623136333334376339313263646337303161373761303732633532623739
36653539626566666638306630633766343134633835343637633531633466663364333539613164
61353066366437653362323531303735316636366362656334313132653039663664613134336261
66643863356536366138643531383633323661616333316537326431336434386662346232323631
37663435326562653839623666346533643137643331336332373232636232653064343266383263
39363165666662353663336638303936626363386335346363326635363831326465346536383364
35356266326137333339363738316661656261383535316666306139373135343266343739323361
64633666613538393963303663353436616336623836646535626464333234643439653164623930
36303737316162303632353538316230343766353532666535623731623730393663316164316262
61303634313430666562323334356661613336373965333330636562663237643635346131313934
33643362363033303332333637666561313030353361303366653361353565643433333337333430
38396563666333663334353434313137646132653432616536353631303832656639663063326566
38666563643762613464376639643264323663323637356665646662336365323035613933316438
66303662353530396266313638333366303539386537613536656136376436303262623136633162
35303433633761616132666534376166303735333761663737633966666361353736366463333931
31373961633934613339626535633136373361626236383736623837636265396238316136356338
30343838336231646339393132376566353635653363333664663866313230626264646530353437
35356539333933343832653366343863633536613133663035353932643533393835306437653838
31376461633664613635376430393134653762626535386465363635373536383936646133383238
38663837653066633931363766326535663866646439323365326362396361623832333938633764
38626235343530613539306537633034396639666435343436333363316437643761393263363930
63363630383933643661356366626363313436306537323938623562373162663832343064346334
34646162663831353133653962646536633635663538303565323032666532343934333165653532
37633365363730363037316130336530353361313435643632323636393934383863663434396133
38343761623463336663353739663233366263356562303166306539636365663161613964343539
61386237363635353631636430643064633266366230633733363032323233356635656438636164
66633436333339323337623766313038366461333164623664376432383861386331356163373434
37386131656534383536326236656366343538353931623064343864356435613732333139333665
61663134346237353434363739656530373761373435356230353264346437336230353535303236
32313364623263316563656331636565346638393233326232623732636231353838383031323637
63663763326637316632633830316530383165383532383632366636386563316239393234396362
62323836346363343531656166623965323965303339336635316237396666636165316136303464
32356661653031653034636365333732386231653037326234363161306261326633653066353833
35343735643465323966313165663464396538366564376662363663393865613335613066663563
36366236656339376132323139616431356232636438323764666239613462646261623336313138
30326637663537663233623164643837353339656366613263316634366336363565303261383831
66396338323338623539306134383064386239626339316433386435653963313038646139623064
62316462616339356163616533313334333964303364363535353464303463616137303239613761
65613031636636313462336136346135613431343034626536346564613130333863353635393838
62653032383666326532333136316338653736306534353764333266386135653664343430626366
38623337316539396338303163653764306236623036666132346662636333623961623562383839
63613766376161303064636266393835643430656536323933626665666563396137323535353438
33633062303264393964373434356461663434313937666534386464623436613862663631313836
36653164353436396661626564346236353636313430636135646266363834393836646632623532
62363966653262633834336438393533613031373838643433336439373762366634636336626434
61356664666432626236303937643365303563346364636539396438356334333039323930643239
65333338393162373765326262656261343964376132303539353835353764336535653339343263
61303730333036636437313466393537336564363537366562373563666234313033393362383165
31396666643938373033336262366564353863396634313065613739636339393532333463616465
33386133613834336133623430323261383964396461626334643337653766386466363733343539
38623061316331316461643037646638356532336436323138383366326264353166653235656334
61303231373435663662386531393766396530613535643238353937386464643962316635303233
33343831663862383363333437346433353938366438323833633463373331393866626664316234
66616234333964356338653561383265646666353330373536663463633139393032313238663933
32633062333861303732383962653530636264353963626435373766626230396164663262323631
37666162386539616232653962393038323235376230646132646561373337323863363465396534
37656230386335386365663434623662326366393938656333353536373934313835663765626633
39366464663632366133373731366233623834373230666461373766376134383766653930656563
33323939303335643264343433623662663732616233393035616633363435626335383930353232
64373562326663376337366461356437336539653332663138613938313439663632643436316333
30653435383261343233346363663139386536326537343164636238653735656663633530333966
37616364323962303534366663343166633436333630646661313961316632653537316565633733
35353235323232343539336232616466353064633962303164663534326638633661613336646661
65666266643830663534326462636563653533306231653735353139373863333464623465646638
63366236303663646239376463333434383262376563353263623530663135613264656434396239
38396165376465616163356231363263643933633761363037306365336431663033313062633161
39313434653132313062653964653164636464636166623332623839643238366564646662633837
62616138373366623961313531396230326639333138383039343137666331623930353930306162
37613862323830613932653733323139646430616232373039393564363866623134336332643036
31363335343466303562313164366637363438306630653062313431616437336265626235353364
32633133373731666463333536326130336365636333306535626161313862376532316261336263
34373862303863343361306138326536323566326362393865643635306439613865333639643261
33613237636536343664356661333032383961656337656238653234313930643430633261646666
63353834626538373563613161373438343133376638356538666135373565383864346361363339
31313861323963386231376263316437373732663437663030383236623733333436326437616462
61316532376366633665663565343965303961663862643434376635633062326131323239623734
36363661353538373364386634663632356630366136343665333166376538653363666430353133
31313435363338396639666630393732323564613761663562376463303537363635356166333531
35396331353136626337613834323661626463376264393263636638396233336530626434626464
6436616334363735343234343536353161383165306162326336